1.196000 0
790.711975 1000
1580.228027 2000
2217.152100 3000
3006.667969 4000
3796.184082 5000
4585.700195 6000
5375.215820 7000
6164.731934 8000
6954.248047 9000
7743.764160 10000
8533.280273 11000
9322.795898 12000
10112.311523 13000
10901.828125 14000
11691.343750 15000
12480.860352 16000
13270.375977 17000
14059.891602 18000
14849.408203 19000
15638.923828 20000
16428.439453 21000
17217.955078 22000
18007.472656 23000
18796.988281 24000
19586.503906 25000
20376.019531 26000
21165.535156 27000
21955.052734 28000
22744.568359 29000
23534.083984 30000
24323.599609 31000
25113.115234 32000
25902.632812 33000
26692.148438 34000
27481.664062 35000
28271.179688 36000
29060.695312 37000
29850.212891 38000
30639.728516 39000
31429.244141 40000
32218.759766 41000
33008.277344 42000
33797.792969 43000
34587.308594 44000
35376.824219 45000
36166.339844 46000
36955.855469 47000
37745.371094 48000
38534.886719 49000
39324.402344 50000
40113.921875 51000
40903.437500 52000
41692.953125 53000
42482.468750 54000
43271.984375 55000
44061.500000 56000
44851.015625 57000
45640.531250 58000
46430.046875 59000
47219.562500 60000
48009.078125 61000
48798.597656 62000
49588.113281 63000
50377.628906 64000
51167.144531 65000
51956.660156 66000
52746.175781 67000
53535.691406 68000
54325.207031 69000
55114.722656 70000
55904.238281 71000
56693.757812 72000
57483.273438 73000
58272.789062 74000
59062.304688 75000
59851.820312 76000
60641.335938 77000
61430.851562 78000
62220.367188 79000
63009.882812 80000
63799.398438 81000
64588.914062 82000
65378.433594 83000
66167.945312 84000
66957.460938 85000
67746.976562 86000
68536.492188 87000
69326.015625 88000
70115.531250 89000
70905.039062 90000
71694.562500 91000
72484.078125 92000
73273.593750 93000
74063.101562 94000
74852.625000 95000
75642.140625 96000
76431.656250 97000
77221.171875 98000
78010.687500 99000
78800.210938 100000
79589.718750 101000
80379.234375 102000
81168.750000 103000
81958.273438 104000
82747.781250 105000
83537.296875 106000
84326.812500 107000
85116.335938 108000
85905.851562 109000
86695.359375 110000
87484.882812 111000
88274.398438 112000
89063.914062 113000
89853.421875 114000
90642.945312 115000
91432.460938 116000
92221.976562 117000
93011.484375 118000
93801.007812 119000
94590.531250 120000
95380.039062 121000
96169.554688 122000
96959.070312 123000
97748.593750 124000
98538.101562 125000
99327.617188 126000
100117.132812 127000
100906.656250 128000
101696.171875 129000
102485.679688 130000
103275.203125 131000
104064.718750 132000
104854.234375 133000
105643.742188 134000
106433.265625 135000
107222.781250 136000
108012.296875 137000
108801.804688 138000
109591.328125 139000
110380.851562 140000
111170.359375 141000
111959.875000 142000
112749.390625 143000
113538.914062 144000
114328.421875 145000
115117.937500 146000
115907.453125 147000
116696.976562 148000
117486.484375 149000
118276.000000 150000
119065.523438 151000
119855.039062 152000
120644.554688 153000
121434.062500 154000
122223.585938 155000
123013.101562 156000
123802.617188 157000
124592.125000 158000
125381.648438 159000
126171.171875 160000
126960.679688 161000
127750.195312 162000
128539.710938 163000
129329.234375 164000
130118.742188 165000
130908.257812 166000
131697.781250 167000
132487.296875 168000
133276.812500 169000
134066.312500 170000
134855.843750 171000
135645.359375 172000
136434.875000 173000
137224.390625 174000
138013.906250 175000
138803.421875 176000
139592.921875 177000
140382.453125 178000
141171.968750 179000
141961.484375 180000
142751.015625 181000
143540.515625 182000
144330.031250 183000
145119.546875 184000
145909.062500 185000
146698.578125 186000
147488.093750 187000
148277.609375 188000
149067.140625 189000
149856.640625 190000
150646.156250 191000
151435.687500 192000
152225.187500 193000
153014.703125 194000
153804.218750 195000
154593.750000 196000
155383.265625 197000
156172.765625 198000
156962.281250 199000
157751.812500 200000
158541.312500 201000
159330.828125 202000
160120.359375 203000
160909.875000 204000
161699.390625 205000
162488.890625 206000
163278.421875 207000
164067.937500 208000
164857.437500 209000
165646.953125 210000
166436.484375 211000
167226.000000 212000
168015.515625 213000
168805.031250 214000
169594.546875 215000
170384.062500 216000
171173.562500 217000
171963.093750 218000
172752.609375 219000
173542.125000 220000
174331.640625 221000
175121.156250 222000
175910.671875 223000
176700.187500 224000
177489.703125 225000
178279.218750 226000
179068.734375 227000
179858.250000 228000
180647.781250 229000
181437.281250 230000
182226.796875 231000
183016.312500 232000
183805.828125 233000
184595.343750 234000
185384.859375 235000
186174.390625 236000
186963.906250 237000
187753.406250 238000
188542.921875 239000
189332.453125 240000
190121.953125 241000
190911.468750 242000
191700.984375 243000
192490.515625 244000
193280.031250 245000
194069.531250 246000
194859.062500 247000
195648.578125 248000
196438.078125 249000
197227.593750 250000
198017.125000 251000
198806.640625 252000
199596.156250 253000
200385.656250 254000
201175.187500 255000
201964.703125 256000
202754.203125 257000
203543.734375 258000
204333.250000 259000
205122.765625 260000
205912.281250 261000
206701.796875 262000
207491.312500 263000
208280.828125 264000
209070.343750 265000
209859.859375 266000
210649.375000 267000
211438.890625 268000
212228.421875 269000
213017.921875 270000
213807.437500 271000
214596.953125 272000
215386.468750 273000
216175.984375 274000
216965.500000 275000
217755.031250 276000
218544.546875 277000
219334.046875 278000
220123.562500 279000
220913.093750 280000
221702.593750 281000
222492.109375 282000
223281.625000 283000
224071.156250 284000
224860.671875 285000
225650.171875 286000
226439.703125 287000
227229.218750 288000
228018.718750 289000
228808.234375 290000
229597.765625 291000
230387.281250 292000
231176.796875 293000
231966.296875 294000
232755.828125 295000
233545.343750 296000
234334.843750 297000
235124.375000 298000
235913.890625 299000
236703.406250 300000
237492.921875 301000
238282.437500 302000
239071.953125 303000
239861.468750 304000
240650.968750 305000
241440.500000 306000
242230.015625 307000
243019.531250 308000
243809.062500 309000
244598.562500 310000
245388.078125 311000
246177.593750 312000
246967.109375 313000
247756.625000 314000
248546.140625 315000
249335.656250 316000
250125.187500 317000
250914.843750 318000
251704.531250 319000
252494.203125 320000
253283.875000 321000
254073.546875 322000
254863.234375 323000
255652.906250 324000
256442.593750 325000
257232.250000 326000
258021.937500 327000
258811.609375 328000
259601.281250 329000
260390.953125 330000
261180.640625 331000
261970.312500 332000
262760.000000 333000
263549.656250 334000
264339.343750 335000
265129.031250 336000
265918.687500 337000
266708.375000 338000
267498.062500 339000
268287.718750 340000
269077.406250 341000
269867.062500 342000
270656.781250 343000
271446.437500 344000
272236.093750 345000
273025.781250 346000
273815.468750 347000
274605.125000 348000
275394.812500 349000
276184.468750 350000
276974.156250 351000
277763.843750 352000
278553.500000 353000
279343.187500 354000
280132.875000 355000
280922.531250 356000
281712.218750 357000
282501.875000 358000
283291.593750 359000
284081.250000 360000
284870.906250 361000
285660.593750 362000
286450.281250 363000
287239.937500 364000
288029.625000 365000
288819.281250 366000
289608.968750 367000
290398.656250 368000
291188.312500 369000
291978.031250 370000
292767.687500 371000
293557.343750 372000
294347.031250 373000
295136.718750 374000
295926.406250 375000
296716.062500 376000
297505.718750 377000
298295.437500 378000
299085.093750 379000
299874.750000 380000
300664.437500 381000
301454.125000 382000
302243.781250 383000
303033.468750 384000
303823.125000 385000
304612.843750 386000
305402.500000 387000
306192.156250 388000
306981.843750 389000
307771.531250 390000
308561.218750 391000
309350.875000 392000
310140.531250 393000
310930.250000 394000
311719.906250 395000
312509.562500 396000
313299.250000 397000
314088.937500 398000
314878.593750 399000
315668.281250 400000
316457.937500 401000
317247.656250 402000
318037.312500 403000
318826.968750 404000
319616.687500 405000
320406.343750 406000
321196.031250 407000
321985.687500 408000
322775.375000 409000
323565.062500 410000
324354.718750 411000
325144.375000 412000
325934.093750 413000
326723.750000 414000
327513.406250 415000
328303.093750 416000
329092.781250 417000
329882.468750 418000
330672.125000 419000
331461.781250 420000
332251.500000 421000
333041.156250 422000
333830.843750 423000
334620.500000 424000
335410.187500 425000
336199.875000 426000
336989.531250 427000
337779.187500 428000
338568.906250 429000
339358.562500 430000
340148.218750 431000
340937.906250 432000
341727.593750 433000
342517.281250 434000
343306.937500 435000
344096.593750 436000
344886.312500 437000
345675.968750 438000
346465.656250 439000
347255.312500 440000
348045.000000 441000
348834.687500 442000
349624.343750 443000
350414.031250 444000
351203.718750 445000
351993.375000 446000
352783.031250 447000
353572.750000 448000
354362.406250 449000
355152.093750 450000
355941.750000 451000
356731.437500 452000
357521.125000 453000
358310.781250 454000
359100.468750 455000
359890.156250 456000
360679.812500 457000
361469.500000 458000
362259.156250 459000
363048.843750 460000
363838.531250 461000
364628.187500 462000
365417.843750 463000
366207.562500 464000
366997.218750 465000
367786.906250 466000
368576.562500 467000
369366.250000 468000
370155.937500 469000
370945.593750 470000
371735.281250 471000
372524.968750 472000
373314.625000 473000
374104.312500 474000
374893.968750 475000
375683.656250 476000
376473.343750 477000
377263.000000 478000
378052.687500 479000
378842.375000 480000
379632.031250 481000
380421.718750 482000
381211.406250 483000
382001.062500 484000
382790.750000 485000
383580.406250 486000
384370.125000 487000
385159.781250 488000
385949.437500 489000
386739.125000 490000
387528.812500 491000
388318.468750 492000
389108.156250 493000
389897.812500 494000
390687.500000 495000
391477.187500 496000
392266.843750 497000
393056.531250 498000
393846.218750 499000
394635.875000 500000
