0.000026 0
0.000451 1000
0.000514 2000
0.000473 3000
0.000401 4000
0.000397 5000
0.000398 6000
0.000426 7000
0.000404 8000
0.000402 9000
0.000403 10000
0.000399 11000
0.000403 12000
0.000408 13000
0.000418 14000
0.000491 15000
0.000397 16000
0.000398 17000
0.000395 18000
0.000399 19000
0.000429 20000
0.000398 21000
0.000399 22000
0.000473 23000
0.000470 24000
0.000480 25000
0.000457 26000
0.000406 27000
0.000403 28000
0.000405 29000
0.000424 30000
0.000477 31000
0.000486 32000
0.000513 33000
0.000630 34000
0.000448 35000
0.000403 36000
0.000410 37000
0.000400 38000
0.000402 39000
0.000427 40000
0.000401 41000
0.000401 42000
0.000399 43000
0.000432 44000
0.000516 45000
0.000442 46000
0.000438 47000
0.000441 48000
0.000438 49000
0.000501 50000
0.000444 51000
0.000445 52000
0.000427 53000
0.000402 54000
0.000412 55000
0.000402 56000
0.000398 57000
0.000430 58000
0.000401 59000
0.000402 60000
0.000400 61000
0.000424 62000
0.000397 63000
0.000398 64000
0.000397 65000
0.000403 66000
0.000437 67000
0.000538 68000
0.000558 69000
0.000492 70000
0.000435 71000
0.000435 72000
0.000405 73000
0.000400 74000
0.000402 75000
0.000425 76000
0.000397 77000
0.000398 78000
0.000397 79000
0.000398 80000
0.000403 81000
0.000402 82000
0.000413 83000
0.000402 84000
0.000498 85000
0.000400 86000
0.000398 87000
0.000422 88000
0.000397 89000
0.000401 90000
0.000496 91000
0.000468 92000
0.000512 93000
0.000466 94000
0.000440 95000
0.000443 96000
0.000442 97000
0.000465 98000
0.000445 99000
0.000396 100000
0.000405 101000
0.000470 102000
0.000502 103000
0.000661 104000
0.000453 105000
0.000477 106000
0.000446 107000
0.000447 108000
0.000435 109000
0.000404 110000
0.000408 111000
0.000464 112000
0.000405 113000
0.000401 114000
0.000428 115000
0.000397 116000
0.000398 117000
0.000398 118000
0.000425 119000
0.000473 120000
0.000400 121000
0.000402 122000
0.000422 123000
0.000399 124000
0.000402 125000
0.000406 126000
0.000402 127000
0.000400 128000
0.000398 129000
0.000399 130000
0.000412 131000
0.000401 132000
0.000426 133000
0.000402 134000
0.000399 135000
0.000440 136000
0.000521 137000
0.000487 138000
0.000525 139000
0.000603 140000
0.000468 141000
0.000447 142000
0.000413 143000
0.000404 144000
0.000399 145000
0.000411 146000
0.000408 147000
0.000432 148000
0.000406 149000
0.000398 150000
0.000400 151000
0.000397 152000
0.000428 153000
0.000396 154000
0.000465 155000
0.000402 156000
0.000402 157000
0.000514 158000
0.000487 159000
0.000441 160000
0.000437 161000
0.000438 162000
0.000435 163000
0.000440 164000
0.000458 165000
0.000409 166000
0.000390 167000
0.000392 168000
0.000392 169000
0.000395 170000
0.000405 171000
0.000423 172000
0.000441 173000
0.000597 174000
0.000473 175000
0.000434 176000
0.000398 177000
0.000401 178000
0.000399 179000
0.000419 180000
0.000553 181000
0.000456 182000
0.000409 183000
0.000416 184000
0.000565 185000
0.000555 186000
0.000606 187000
0.000568 188000
0.000570 189000
0.000567 190000
0.000579 191000
0.000559 192000
0.000559 193000
0.000556 194000
0.000573 195000
0.000542 196000
0.000541 197000
0.000587 198000
0.000433 199000
0.000598 200000
0.000809 201000
0.000510 202000
0.000472 203000
0.000412 204000
0.000436 205000
0.000532 206000
0.000527 207000
0.000424 208000
0.000447 209000
0.000416 210000
0.000417 211000
0.000423 212000
0.000466 213000
0.000712 214000
0.000498 215000
0.000459 216000
0.000469 217000
0.000465 218000
0.000488 219000
0.000455 220000
0.000505 221000
0.000534 222000
0.000418 223000
0.000420 224000
0.000402 225000
0.000397 226000
0.000395 227000
0.000392 228000
0.000428 229000
0.000431 230000
0.000605 231000
0.000465 232000
0.000404 233000
0.000402 234000
0.000461 235000
0.000430 236000
0.000398 237000
0.000404 238000
0.000415 239000
0.000400 240000
0.000400 241000
0.000399 242000
0.000400 243000
0.000402 244000
0.000402 245000
0.000402 246000
0.000398 247000
0.000588 248000
0.000435 249000
0.000402 250000
0.000399 251000
0.000403 252000
0.000410 253000
0.000397 254000
0.000395 255000
0.000396 256000
0.000394 257000
0.000398 258000
0.000437 259000
0.000420 260000
0.000399 261000
0.000394 262000
0.000399 263000
0.000395 264000
0.000417 265000
0.000404 266000
0.000588 267000
0.000461 268000
0.000446 269000
0.000546 270000
0.000458 271000
0.000501 272000
0.000491 273000
0.000449 274000
0.000458 275000
0.000462 276000
0.000466 277000
0.000438 278000
0.000467 279000
0.000488 280000
0.000623 281000
0.000426 282000
0.000411 283000
0.000414 284000
0.000474 285000
0.000469 286000
0.000401 287000
0.000460 288000
0.000484 289000
0.000450 290000
0.000433 291000
0.000404 292000
0.000402 293000
0.000400 294000
0.000416 295000
0.000460 296000
0.000519 297000
0.000556 298000
0.000472 299000
0.000430 300000
0.000432 301000
0.000414 302000
0.000413 303000
0.000534 304000
0.000480 305000
0.000455 306000
0.000497 307000
0.000534 308000
0.000467 309000
0.000465 310000
0.000463 311000
0.000466 312000
0.000496 313000
0.000627 314000
0.000501 315000
0.000558 316000
0.000491 317000
0.000470 318000
0.000458 319000
0.000465 320000
0.000454 321000
0.000472 322000
0.000462 323000
0.000514 324000
0.000503 325000
0.000538 326000
0.000530 327000
0.000867 328000
0.000494 329000
0.000464 330000
0.000479 331000
0.000460 332000
0.000460 333000
0.000461 334000
0.000456 335000
0.000460 336000
0.000458 337000
0.000501 338000
0.000459 339000
0.000462 340000
0.000456 341000
0.000461 342000
0.000537 343000
0.000574 344000
0.000476 345000
0.000466 346000
0.000472 347000
0.000462 348000
0.000464 349000
0.000481 350000
0.000491 351000
0.000478 352000
0.000476 353000
0.000502 354000
0.000473 355000
0.000515 356000
0.000474 357000
0.000467 358000
0.000444 359000
0.000521 360000
0.000426 361000
0.000418 362000
0.000610 363000
0.000590 364000
0.000521 365000
0.000508 366000
0.000492 367000
0.000478 368000
0.000520 369000
0.000512 370000
0.000527 371000
0.000555 372000
0.000456 373000
0.000485 374000
0.000459 375000
0.000452 376000
0.000465 377000
0.000450 378000
0.000455 379000
0.000473 380000
0.000450 381000
0.000521 382000
0.000502 383000
0.000499 384000
0.000457 385000
0.000488 386000
0.000731 387000
0.000427 388000
0.000491 389000
0.000451 390000
0.000479 391000
0.000410 392000
0.000412 393000
0.000434 394000
0.000406 395000
0.000402 396000
0.000470 397000
0.000497 398000
0.000417 399000
0.000402 400000
0.000399 401000
0.000399 402000
0.000399 403000
0.000403 404000
0.000401 405000
0.000402 406000
0.000423 407000
0.000400 408000
0.000401 409000
0.000403 410000
0.000422 411000
0.000413 412000
0.000400 413000
0.000404 414000
0.000420 415000
0.000443 416000
0.000488 417000
0.000460 418000
0.000449 419000
0.000584 420000
0.000510 421000
0.001253 422000
0.001128 423000
0.001227 424000
0.000877 425000
0.000797 426000
0.000767 427000
0.000844 428000
0.000966 429000
0.000975 430000
0.001417 431000
0.000499 432000
0.000511 433000
0.000466 434000
0.000575 435000
0.000523 436000
0.000742 437000
0.000448 438000
0.000422 439000
0.000404 440000
0.000485 441000
0.000404 442000
0.000490 443000
0.000445 444000
0.000444 445000
0.000447 446000
0.000469 447000
0.000455 448000
0.000444 449000
0.000398 450000
0.000402 451000
0.000396 452000
0.000399 453000
0.000397 454000
0.000400 455000
0.000486 456000
0.000446 457000
0.000497 458000
0.000782 459000
0.001047 460000
0.000923 461000
0.001020 462000
0.000605 463000
0.000482 464000
0.000412 465000
0.000412 466000
0.000423 467000
0.000444 468000
0.000455 469000
0.000406 470000
0.000399 471000
0.000396 472000
0.000427 473000
0.000395 474000
0.000396 475000
0.000416 476000
0.000396 477000
0.000448 478000
0.000407 479000
0.000403 480000
0.000398 481000
0.000395 482000
0.000398 483000
0.000430 484000
0.000471 485000
0.000527 486000
0.000463 487000
0.000492 488000
0.000446 489000
0.000450 490000
0.000409 491000
0.000426 492000
0.000395 493000
0.000395 494000
0.000396 495000
0.000467 496000
0.000452 497000
0.000442 498000
0.000443 499000
0.000443 500000
