0.000000 0
144.000000 1000
289.000000 2000
433.000000 3000
578.000000 4000
722.000000 5000
867.000000 6000
1011.000000 7000
1156.000000 8000
1300.000000 9000
1445.000000 10000
1590.000000 11000
1734.000000 12000
1879.000000 13000
2023.000000 14000
2168.000000 15000
2312.000000 16000
2457.000000 17000
2601.000000 18000
2746.000000 19000
2890.000000 20000
3035.000000 21000
3179.000000 22000
3324.000000 23000
3468.000000 24000
3613.000000 25000
3758.000000 26000
3902.000000 27000
4047.000000 28000
4191.000000 29000
4336.000000 30000
4480.000000 31000
4625.000000 32000
4769.000000 33000
4914.000000 34000
5058.000000 35000
5203.000000 36000
5347.000000 37000
5492.000000 38000
5636.000000 39000
5781.000000 40000
5925.000000 41000
6070.000000 42000
6215.000000 43000
6359.000000 44000
6504.000000 45000
6648.000000 46000
6793.000000 47000
6937.000000 48000
7082.000000 49000
7226.000000 50000
7371.000000 51000
7515.000000 52000
7660.000000 53000
7804.000000 54000
7949.000000 55000
8093.000000 56000
8238.000000 57000
8383.000000 58000
8527.000000 59000
8672.000000 60000
8816.000000 61000
8961.000000 62000
9105.000000 63000
9250.000000 64000
9394.000000 65000
9539.000000 66000
9683.000000 67000
9828.000000 68000
9972.000000 69000
10117.000000 70000
10261.000000 71000
10406.000000 72000
10551.000000 73000
10695.000000 74000
10840.000000 75000
10984.000000 76000
11129.000000 77000
11273.000000 78000
11418.000000 79000
11562.000000 80000
11707.000000 81000
11851.000000 82000
11996.000000 83000
12140.000000 84000
12285.000000 85000
12429.000000 86000
12574.000000 87000
12718.000000 88000
12863.000000 89000
13008.000000 90000
13152.000000 91000
13297.000000 92000
13441.000000 93000
13586.000000 94000
13730.000000 95000
13875.000000 96000
14019.000000 97000
14164.000000 98000
14308.000000 99000
14453.000000 100000
14597.000000 101000
14742.000000 102000
14886.000000 103000
15031.000000 104000
15176.000000 105000
15320.000000 106000
15465.000000 107000
15609.000000 108000
15754.000000 109000
15898.000000 110000
16043.000000 111000
16187.000000 112000
16332.000000 113000
16476.000000 114000
16621.000000 115000
16765.000000 116000
16910.000000 117000
17054.000000 118000
17199.000000 119000
17343.000000 120000
17488.000000 121000
17633.000000 122000
17777.000000 123000
17922.000000 124000
18066.000000 125000
18211.000000 126000
18355.000000 127000
18500.000000 128000
18644.000000 129000
18789.000000 130000
18933.000000 131000
19078.000000 132000
19222.000000 133000
19367.000000 134000
19511.000000 135000
19656.000000 136000
19801.000000 137000
19945.000000 138000
20090.000000 139000
20234.000000 140000
20379.000000 141000
20523.000000 142000
20668.000000 143000
20812.000000 144000
20957.000000 145000
21101.000000 146000
21246.000000 147000
21390.000000 148000
21535.000000 149000
21679.000000 150000
21824.000000 151000
21968.000000 152000
22113.000000 153000
22258.000000 154000
22402.000000 155000
22547.000000 156000
22691.000000 157000
22836.000000 158000
22980.000000 159000
23125.000000 160000
23269.000000 161000
23414.000000 162000
23558.000000 163000
23703.000000 164000
23847.000000 165000
23992.000000 166000
24136.000000 167000
24281.000000 168000
24426.000000 169000
24570.000000 170000
24715.000000 171000
24859.000000 172000
25004.000000 173000
25148.000000 174000
25293.000000 175000
25437.000000 176000
25582.000000 177000
25726.000000 178000
25871.000000 179000
26015.000000 180000
26160.000000 181000
26304.000000 182000
26449.000000 183000
26594.000000 184000
26738.000000 185000
26883.000000 186000
27027.000000 187000
27172.000000 188000
27316.000000 189000
27461.000000 190000
27605.000000 191000
27750.000000 192000
27894.000000 193000
28039.000000 194000
28183.000000 195000
28328.000000 196000
28472.000000 197000
28617.000000 198000
28761.000000 199000
28906.000000 200000
29051.000000 201000
29195.000000 202000
29340.000000 203000
29484.000000 204000
29629.000000 205000
29773.000000 206000
29918.000000 207000
30062.000000 208000
30207.000000 209000
30351.000000 210000
30496.000000 211000
30640.000000 212000
30785.000000 213000
30929.000000 214000
31074.000000 215000
31219.000000 216000
31363.000000 217000
31508.000000 218000
31652.000000 219000
31797.000000 220000
31941.000000 221000
32086.000000 222000
32230.000000 223000
32375.000000 224000
32519.000000 225000
32664.000000 226000
32808.000000 227000
32953.000000 228000
33097.000000 229000
33242.000000 230000
33386.000000 231000
33531.000000 232000
33676.000000 233000
33820.000000 234000
33965.000000 235000
34109.000000 236000
34254.000000 237000
34398.000000 238000
34543.000000 239000
34687.000000 240000
34832.000000 241000
34976.000000 242000
35121.000000 243000
35265.000000 244000
35410.000000 245000
35554.000000 246000
35699.000000 247000
35844.000000 248000
35988.000000 249000
36133.000000 250000
36277.000000 251000
36422.000000 252000
36566.000000 253000
36711.000000 254000
36855.000000 255000
37000.000000 256000
37144.000000 257000
37289.000000 258000
37433.000000 259000
37578.000000 260000
37722.000000 261000
37867.000000 262000
38011.000000 263000
38156.000000 264000
38301.000000 265000
38445.000000 266000
38590.000000 267000
38734.000000 268000
38879.000000 269000
39023.000000 270000
39168.000000 271000
39312.000000 272000
39457.000000 273000
39601.000000 274000
39746.000000 275000
39890.000000 276000
40035.000000 277000
40179.000000 278000
40324.000000 279000
40469.000000 280000
40613.000000 281000
40758.000000 282000
40902.000000 283000
41047.000000 284000
41191.000000 285000
41336.000000 286000
41480.000000 287000
41625.000000 288000
41769.000000 289000
41914.000000 290000
42058.000000 291000
42203.000000 292000
42347.000000 293000
42492.000000 294000
42636.000000 295000
42781.000000 296000
42926.000000 297000
43070.000000 298000
43215.000000 299000
43359.000000 300000
43504.000000 301000
43648.000000 302000
43793.000000 303000
43937.000000 304000
44082.000000 305000
44226.000000 306000
44371.000000 307000
44515.000000 308000
44660.000000 309000
44804.000000 310000
44949.000000 311000
45094.000000 312000
45238.000000 313000
45383.000000 314000
45527.000000 315000
45672.000000 316000
45816.000000 317000
45961.000000 318000
46105.000000 319000
46250.000000 320000
46394.000000 321000
46539.000000 322000
46683.000000 323000
46828.000000 324000
46972.000000 325000
47117.000000 326000
47261.000000 327000
47406.000000 328000
47551.000000 329000
47695.000000 330000
47840.000000 331000
47984.000000 332000
48129.000000 333000
48273.000000 334000
48418.000000 335000
48562.000000 336000
48707.000000 337000
48851.000000 338000
48996.000000 339000
49140.000000 340000
49285.000000 341000
49429.000000 342000
49574.000000 343000
49719.000000 344000
49863.000000 345000
50008.000000 346000
50152.000000 347000
50297.000000 348000
50441.000000 349000
50586.000000 350000
50730.000000 351000
50875.000000 352000
51019.000000 353000
51164.000000 354000
51308.000000 355000
51453.000000 356000
51597.000000 357000
51742.000000 358000
51886.000000 359000
52031.000000 360000
52176.000000 361000
52320.000000 362000
52465.000000 363000
52609.000000 364000
52754.000000 365000
52898.000000 366000
53043.000000 367000
53187.000000 368000
53332.000000 369000
53476.000000 370000
53621.000000 371000
53765.000000 372000
53910.000000 373000
54054.000000 374000
54199.000000 375000
54344.000000 376000
54488.000000 377000
54633.000000 378000
54777.000000 379000
54922.000000 380000
55066.000000 381000
55211.000000 382000
55355.000000 383000
55500.000000 384000
55644.000000 385000
55789.000000 386000
55933.000000 387000
56078.000000 388000
56222.000000 389000
56367.000000 390000
56511.000000 391000
56656.000000 392000
56801.000000 393000
56945.000000 394000
57090.000000 395000
57234.000000 396000
57379.000000 397000
57523.000000 398000
57668.000000 399000
57812.000000 400000
57957.000000 401000
58101.000000 402000
58246.000000 403000
58390.000000 404000
58535.000000 405000
58679.000000 406000
58824.000000 407000
58969.000000 408000
59113.000000 409000
59258.000000 410000
59402.000000 411000
59547.000000 412000
59691.000000 413000
59836.000000 414000
59980.000000 415000
60125.000000 416000
60269.000000 417000
60414.000000 418000
60558.000000 419000
60703.000000 420000
60847.000000 421000
60992.000000 422000
61136.000000 423000
61281.000000 424000
61426.000000 425000
61570.000000 426000
61715.000000 427000
61859.000000 428000
62004.000000 429000
62148.000000 430000
62293.000000 431000
62437.000000 432000
62582.000000 433000
62726.000000 434000
62871.000000 435000
63015.000000 436000
63160.000000 437000
63304.000000 438000
63449.000000 439000
63594.000000 440000
63738.000000 441000
63883.000000 442000
64027.000000 443000
64172.000000 444000
64316.000000 445000
64461.000000 446000
64605.000000 447000
64750.000000 448000
64894.000000 449000
65039.000000 450000
65183.000000 451000
65328.000000 452000
65472.000000 453000
65617.000000 454000
65761.000000 455000
65906.000000 456000
66051.000000 457000
66195.000000 458000
66340.000000 459000
66484.000000 460000
66629.000000 461000
66773.000000 462000
66918.000000 463000
67062.000000 464000
67207.000000 465000
67351.000000 466000
67496.000000 467000
67640.000000 468000
67785.000000 469000
67929.000000 470000
68074.000000 471000
68219.000000 472000
68363.000000 473000
68508.000000 474000
68652.000000 475000
68797.000000 476000
68941.000000 477000
69086.000000 478000
69230.000000 479000
69375.000000 480000
69519.000000 481000
69664.000000 482000
69808.000000 483000
69953.000000 484000
70097.000000 485000
70242.000000 486000
70386.000000 487000
70531.000000 488000
70676.000000 489000
70820.000000 490000
70965.000000 491000
71109.000000 492000
71254.000000 493000
71398.000000 494000
71543.000000 495000
71687.000000 496000
71832.000000 497000
71976.000000 498000
72121.000000 499000
72265.000000 500000
72410.000000 501000
72554.000000 502000
72699.000000 503000
72844.000000 504000
72988.000000 505000
73133.000000 506000
73277.000000 507000
73422.000000 508000
73566.000000 509000
73711.000000 510000
