0.000015 0
0.000307 1000
0.000688 2000
0.001001 3000
0.001316 4000
0.001708 5000
0.002071 6000
0.002472 7000
0.003723 8000
0.004506 9000
0.004020 10000
0.005948 11000
0.005745 12000
0.006479 13000
0.006460 14000
0.006407 15000
0.006861 16000
0.009543 17000
0.009285 18000
0.011077 19000
0.009867 20000
0.009988 21000
0.010638 22000
0.011306 23000
0.012073 24000
0.013138 25000
0.015426 26000
0.015977 27000
0.015835 28000
0.016668 29000
0.026524 30000
0.028955 31000
0.019989 32000
0.020827 33000
0.023547 34000
0.021634 35000
0.022862 36000
0.026216 37000
0.027290 38000
0.025593 39000
0.028986 40000
0.029901 41000
0.028126 42000
0.031960 43000
0.036581 44000
0.091192 45000
0.085507 46000
0.044697 47000
0.040054 48000
0.035542 49000
0.038641 50000
0.041120 51000
0.039588 52000
0.041649 53000
0.046866 54000
0.046183 55000
0.044703 56000
0.052634 57000
0.056519 58000
0.056958 59000
0.058840 60000
0.065171 61000
0.064903 62000
0.062504 63000
0.059818 64000
0.075985 65000
0.063437 66000
0.063450 67000
0.069550 68000
0.067921 69000
0.068546 70000
0.076008 71000
0.074352 72000
0.077487 73000
0.080184 74000
0.081356 75000
0.088356 76000
0.088913 77000
0.093900 78000
0.092747 79000
0.096842 80000
0.098097 81000
0.101467 82000
0.110127 83000
0.114291 84000
0.114229 85000
0.114778 86000
0.121667 87000
0.122254 88000
0.127052 89000
0.126009 90000
0.135360 91000
0.131816 92000
0.160064 93000
0.147583 94000
0.156019 95000
0.163959 96000
0.154395 97000
0.165279 98000
0.171950 99000
0.171026 100000
0.180002 101000
0.182710 102000
0.187562 103000
0.193628 104000
0.191209 105000
0.206537 106000
0.203341 107000
0.218510 108000
0.219507 109000
0.216331 110000
0.234379 111000
0.236610 112000
0.246300 113000
0.243542 114000
0.250397 115000
0.262746 116000
0.262633 117000
0.261780 118000
0.277154 119000
0.284336 120000
0.290774 121000
0.284851 122000
0.305492 123000
0.298832 124000
0.325863 125000
0.312047 126000
0.331650 127000
0.341006 128000
0.334784 129000
0.351751 130000
0.360037 131000
0.359989 132000
0.373951 133000
0.378252 134000
0.385621 135000
0.394082 136000
0.450116 137000
0.413022 138000
0.405113 139000
0.439837 140000
0.432112 141000
0.440723 142000
0.452703 143000
0.456042 144000
0.472034 145000
0.488293 146000
0.477044 147000
0.482918 148000
0.503416 149000
0.509538 150000
0.514526 151000
0.525884 152000
0.526893 153000
0.549676 154000
0.543144 155000
0.563717 156000
0.572169 157000
0.571551 158000
0.585563 159000
0.598953 160000
0.609258 161000
0.625309 162000
0.629552 163000
0.637079 164000
0.647502 165000
0.653629 166000
0.673799 167000
0.675722 168000
0.682946 169000
0.682243 170000
0.720469 171000
0.709967 172000
0.735307 173000
0.738194 174000
0.750415 175000
0.759513 176000
0.769102 177000
0.780280 178000
0.786030 179000
0.806557 180000
0.820962 181000
0.832047 182000
0.827883 183000
0.859070 184000
0.844864 185000
0.882577 186000
0.902828 187000
0.911199 188000
0.919952 189000
0.926673 190000
0.941306 191000
0.945513 192000
0.964906 193000
0.991174 194000
0.977617 195000
1.001309 196000
1.028470 197000
1.033971 198000
1.040658 199000
1.038821 200000
1.053974 201000
1.094752 202000
1.083780 203000
1.108673 204000
1.118819 205000
1.126912 206000
1.140697 207000
1.158797 208000
1.167728 209000
1.185511 210000
1.196521 211000
1.211500 212000
1.218959 213000
1.238373 214000
1.251510 215000
1.273503 216000
1.293060 217000
1.308194 218000
1.304882 219000
1.306590 220000
1.341216 221000
1.357761 222000
1.443727 223000
1.404659 224000
1.397931 225000
1.412802 226000
1.425458 227000
1.443712 228000
1.461712 229000
1.475807 230000
1.503018 231000
1.490462 232000
1.521807 233000
1.534724 234000
1.555409 235000
1.558497 236000
1.562712 237000
1.598262 238000
1.622963 239000
1.725440 240000
1.791937 241000
1.837678 242000
2.146523 243000
2.213041 244000
1.847044 245000
1.779398 246000
1.753710 247000
1.767862 248000
1.819584 249000
2.374223 250000
2.006877 251000
1.931120 252000
1.902035 253000
1.867760 254000
1.889016 255000
2.074219 256000
2.204184 257000
2.805381 258000
2.478644 259000
2.269020 260000
2.000670 261000
2.011141 262000
2.032250 263000
2.452080 264000
3.141013 265000
2.308421 266000
2.239458 267000
2.138052 268000
2.161034 269000
2.209244 270000
2.225527 271000
2.383669 272000
2.937244 273000
2.576244 274000
2.478259 275000
2.973353 276000
2.649682 277000
3.426047 278000
2.394288 279000
2.544024 280000
2.525384 281000
2.461720 282000
2.458417 283000
2.460540 284000
2.470443 285000
2.499262 286000
2.531472 287000
2.533660 288000
2.549978 289000
2.562088 290000
2.592182 291000
2.619877 292000
2.665825 293000
2.654936 294000
2.682319 295000
2.703368 296000
2.730697 297000
2.755545 298000
2.772610 299000
2.786618 300000
2.811145 301000
2.841697 302000
2.857050 303000
2.891422 304000
2.896232 305000
2.928846 306000
2.952664 307000
2.972210 308000
2.990369 309000
3.010436 310000
3.030633 311000
3.058984 312000
3.081667 313000
3.115900 314000
3.125795 315000
3.139037 316000
3.159642 317000
3.176968 318000
3.209584 319000
3.230724 320000
3.259585 321000
3.288205 322000
3.309308 323000
3.339820 324000
3.344238 325000
3.373896 326000
3.405273 327000
3.427224 328000
3.438054 329000
3.482420 330000
3.499697 331000
3.506506 332000
3.541068 333000
3.567756 334000
3.586152 335000
3.609499 336000
3.624221 337000
3.664836 338000
3.685504 339000
3.700357 340000
3.741860 341000
3.751399 342000
3.785662 343000
3.803020 344000
3.846402 345000
3.861928 346000
3.866264 347000
3.905836 348000
3.938112 349000
3.948853 350000
3.984665 351000
4.008808 352000
4.041347 353000
4.069236 354000
4.104050 355000
4.116842 356000
4.124154 357000
4.179071 358000
4.220987 359000
4.208486 360000
4.244294 361000
4.258302 362000
4.300005 363000
4.311413 364000
4.349886 365000
4.370018 366000
4.411033 367000
4.441170 368000
4.469735 369000
4.499706 370000
4.512935 371000
4.532143 372000
4.639435 373000
4.564510 374000
4.593151 375000
4.615135 376000
4.634920 377000
4.684336 378000
4.704809 379000
4.748061 380000
4.755037 381000
4.807657 382000
4.817560 383000
4.810013 384000
4.839996 385000
4.873101 386000
4.908869 387000
5.371131 388000
5.521742 389000
5.925372 390000
5.714043 391000
5.415479 392000
5.880072 393000
6.165454 394000
6.761419 395000
6.187040 396000
5.535282 397000
5.810539 398000
5.634475 399000
6.073718 400000
5.630789 401000
5.601602 402000
5.549170 403000
6.261158 404000
6.120085 405000
5.787406 406000
5.604198 407000
5.724027 408000
5.654198 409000
5.665275 410000
5.764758 411000
5.909195 412000
6.140537 413000
6.004593 414000
6.117959 415000
6.343211 416000
6.413889 417000
6.423514 418000
6.572469 419000
6.266599 420000
6.275758 421000
6.025269 422000
6.074470 423000
6.141778 424000
6.194495 425000
6.167418 426000
6.196452 427000
6.222994 428000
6.240980 429000
6.572965 430000
7.511068 431000
6.437543 432000
6.465613 433000
7.367846 434000
8.133637 435000
7.065007 436000
6.924276 437000
6.676576 438000
6.695922 439000
6.636088 440000
6.701383 441000
6.764797 442000
7.425306 443000
7.455974 444000
8.074904 445000
6.840660 446000
6.768536 447000
6.787417 448000
6.871844 449000
6.852930 450000
6.884721 451000
6.937152 452000
6.970589 453000
6.988262 454000
7.090192 455000
7.073563 456000
7.084874 457000
7.119297 458000
7.166716 459000
7.267217 460000
7.875682 461000
7.336272 462000
7.891471 463000
7.334140 464000
7.384956 465000
7.384536 466000
7.438249 467000
7.535942 468000
7.506891 469000
7.549897 470000
7.601920 471000
7.653817 472000
7.668429 473000
7.775885 474000
7.754835 475000
7.720419 476000
7.820941 477000
7.838755 478000
7.877817 479000
7.903842 480000
7.949856 481000
8.011223 482000
7.999916 483000
8.090475 484000
8.182321 485000
8.119604 486000
8.132686 487000
8.152195 488000
8.315058 489000
8.233749 490000
8.341475 491000
8.376248 492000
8.426305 493000
8.418605 494000
8.477270 495000
8.520591 496000
8.527717 497000
8.550792 498000
8.651518 499000
8.633663 500000
8.744060 501000
